20                   
15                   
1 1 3 1 1 3 1 3 1 1 1 1 1 3 3 2 2 2 1 2
952 756 1299 627 102 2427 986 1602 615 478 615 1681 851 1842 7044 1814 3362 1898 364 3439
1 1 1 12         
2 1 1 12              
3 1 3 1            
3 2 6 8                
3 3 6 8                
4 1 3 7                
5 1 3 1                
6 1 3 1                
6 2 6 8                
6 3 6 8                
7 1 3 7                
8 1 3 1                
8 2 6 8                
8 3 6 8                
9 1 3 7                
10 1 3 7                
11 1 3 7                
12 1 1 12                
13 1 1 12                
14 1 3 1                
14 2 6 8                
14 3 6 8                
15 1 3 1                
15 2 7 43                
15 3 5 23                
16 1 1 12                
16 2 8 8                
17 1 1 12                
17 2 8 12                
18 1 1 12                
18 2 8 4                
19 1 8 3                
20 1 1 12                
20 2 12 25                