80                                                                               
15                                                                               
1 1 3 1 1 3 1 3 1 1 1 1 1 3 3 2 2 2 1 2 1 2 2 2 3 2 2 1 2 2 3 2 2 2 2 2 2 3 1 3 3 3 2 2 1 1 4 4 2 1 1 1 1 2 3 3 3 3 2 3 2 1 2 1 2 2 2 1 1 2 1 3 3 1 2 1 2 3 3 1
724 1602 2323 1040 141 1393 484 2362 519 515 651 1163 830 2219 5115 2748 2653 1829 396 2021 105 4207 5021 1026 1492 4943 3255 90 3252 603 1457 3385 1121 1231 4062 1941 4719 7398 573 7037 2858 3782 1760 1762 136 1157 5699 8934 1601 651 1361 1379 184 1107 3100 4435 9040 5551 2317 1908 1363 640 1187 444 1910 1389 1225 1828 1426 989 629 1453 2732 127 1763 648 2820 10595 1765 787
1 1 1 12                                                                            
1 1 2 12                                                                            
2 1 1 12                                                                            
2 1 2 12                                                                            
3 1 3 1                                                                            
3 1 4 1                                                                            
3 2 6 8                                                                            
3 3 6 8                                                                            
4 1 3 7                                                                            
4 1 4 7                                                                            
5 1 3 1                                                                            
5 1 4 1                                                                            
6 1 3 1                                                                            
6 1 4 1                                                                            
6 2 6 8                                                                            
6 3 6 8                                                                            
7 1 3 7                                                                            
7 1 4 7                                                                            
8 1 3 1                                                                            
8 1 4 1                                                                            
8 2 6 8                                                                            
8 3 6 8                                                                            
9 1 3 7                                                                            
9 1 4 7                                                                            
10 1 3 7                                                                            
10 1 4 7                                                                            
11 1 3 7                                                                            
11 1 4 7                                                                            
12 1 1 12                                                                            
12 1 2 12                                                                            
13 1 1 12                                                                            
13 1 2 12                                                                            
14 1 3 1                                                                            
14 1 4 1                                                                            
14 2 6 8                                                                            
14 3 6 8                                                                            
15 1 3 1                                                                            
15 1 4 1                                                                            
15 2 7 43                                                                            
15 3 5 23                                                                            
16 1 1 12                                                                            
16 1 2 12                                                                            
16 2 8 8                                                                            
17 1 1 12                                                                            
17 1 2 12                                                                            
17 2 8 12                                                                            
18 1 1 12                                                                            
18 1 2 12                                                                            
18 2 8 4                                                                            
19 1 8 3                                                                            
20 1 1 12                                                                            
20 1 2 12                                                                            
20 2 12 25                                                                            
20 2 13 25                                                                            
21 1 3 1                                                                            
21 1 4 1                                                                            
22 1 1 12                                                                            
22 1 2 12                                                                            
22 2 12 25                                                                            
22 2 13 25                                                                            
23 1 1 12                                                                            
23 1 2 12                                                                            
23 2 12 25                                                                            
23 2 13 25                                                                            
24 1 3 1                                                                            
24 1 4 1                                                                            
24 2 8 8                                                                            
25 1 3 1                                                                            
25 1 4 1                                                                            
25 2 8 8                                                                            
25 3 8 7                                                                            
26 1 1 12                                                                            
26 1 2 12                                                                            
26 2 12 25                                                                            
26 2 13 25                                                                            
27 1 3 1                                                                            
27 1 4 1                                                                            
27 2 12 25                                                                            
27 2 13 25                                                                            
28 1 3 1                                                                            
28 1 4 1                                                                            
29 1 1 12                                                                            
29 1 2 12                                                                            
29 2 12 25                                                                            
29 2 13 25                                                                            
30 1 3 1                                                                            
30 1 4 1                                                                            
30 2 8 8                                                                            
31 1 3 1                                                                            
31 1 4 1                                                                            
31 2 8 8                                                                            
31 3 8 8                                                                            
32 1 1 13                                                                            
32 1 2 13                                                                            
32 2 9 23                                                                            
32 2 10 23                                                                            
32 2 11 23                                                                            
33 1 3 1                                                                            
33 1 4 1                                                                            
33 2 15 12                                                                            
34 1 3 1                                                                            
34 1 4 1                                                                            
34 2 15 12                                                                            
35 1 1 15                                                                            
35 1 2 15                                                                            
35 2 9 23                                                                            
35 2 10 23                                                                            
35 2 11 23                                                                            
36 1 1 10                                                                            
36 1 2 10                                                                            
36 2 15 12                                                                            
37 1 1 15                                                                            
37 1 2 15                                                                            
37 2 9 23                                                                            
37 2 10 23                                                                            
37 2 11 23                                                                            
38 1 1 15                                                                            
38 1 2 15                                                                            
38 2 9 23                                                                            
38 2 10 23                                                                            
38 2 11 23                                                                            
38 3 9 23                                                                            
38 3 10 23                                                                            
38 3 11 23                                                                            
39 1 1 7                                                                            
39 1 2 7                                                                            
40 1 1 10                                                                            
40 1 2 10                                                                            
40 2 9 23                                                                            
40 2 10 23                                                                            
40 2 11 23                                                                            
40 3 9 23                                                                            
40 3 10 23                                                                            
40 3 11 23                                                                            
41 1 1 9                                                                            
41 1 2 9                                                                            
41 2 12 13                                                                            
41 2 13 13                                                                            
41 3 12 13                                                                            
41 3 13 13                                                                            
42 1 1 9                                                                            
42 1 2 9                                                                            
42 2 12 13                                                                            
42 2 13 13                                                                            
42 3 12 13                                                                            
42 3 13 13                                                                            
43 1 3 1                                                                            
43 1 4 1                                                                            
43 2 15 15                                                                            
44 1 1 13                                                                            
44 1 2 13                                                                            
44 2 15 7                                                                            
45 1 3 1                                                                            
45 1 4 1                                                                            
46 1 1 9                                                                            
46 1 2 9                                                                            
47 1 3 1                                                                            
47 1 4 1                                                                            
47 2 12 32                                                                            
47 2 13 32                                                                            
47 3 12 32                                                                            
47 3 13 32                                                                            
47 4 12 32                                                                            
47 4 13 32                                                                            
48 1 3 1                                                                            
48 1 4 1                                                                            
48 2 12 32                                                                            
48 2 13 32                                                                            
48 3 12 32                                                                            
48 3 13 32                                                                            
48 4 12 32                                                                            
48 4 13 32                                                                            
49 1 3 1                                                                            
49 1 4 1                                                                            
49 2 8 15                                                                            
50 1 1 7                                                                            
50 1 2 7                                                                            
51 1 3 10                                                                            
51 1 4 10                                                                            
52 1 3 22                                                                            
52 1 4 22                                                                            
53 1 9 2                                                                            
53 1 10 2                                                                            
53 1 11 2                                                                            
54 1 3 10                                                                            
54 1 4 10                                                                            
54 2 9 7                                                                            
54 2 10 7                                                                            
54 2 11 7                                                                            
55 1 3 19                                                                            
55 1 4 19                                                                            
55 2 14 10                                                                            
55 3 14 10                                                                            
56 1 3 19                                                                            
56 1 4 19                                                                            
56 2 14 10                                                                            
56 3 14 10                                                                            
57 1 1 52                                                                            
57 1 2 52                                                                            
57 2 9 10                                                                            
57 2 10 10                                                                            
57 2 11 10                                                                            
57 3 9 10                                                                            
57 3 10 10                                                                            
57 3 11 10                                                                            
58 1 1 52                                                                            
58 1 2 52                                                                            
58 2 9 10                                                                            
58 2 10 10                                                                            
58 2 11 10                                                                            
58 3 9 10                                                                            
58 3 10 10                                                                            
58 3 11 10                                                                            
59 1 1 3                                                                            
59 1 2 3                                                                            
59 2 15 13                                                                            
60 1 1 1                                                                            
60 1 2 1                                                                            
60 2 15 7                                                                            
60 3 8 7                                                                            
61 1 1 13                                                                            
61 1 2 13                                                                            
61 2 15 7                                                                            
62 1 1 7                                                                            
62 1 2 7                                                                            
63 1 3 7                                                                            
63 1 4 7                                                                            
63 2 15 8                                                                            
64 1 3 7                                                                            
64 1 4 7                                                                            
65 1 3 7                                                                            
65 1 4 7                                                                            
65 2 8 15                                                                            
66 1 3 7                                                                            
66 1 4 7                                                                            
66 2 8 7                                                                            
67 1 3 7                                                                            
67 1 4 7                                                                            
67 2 8 13                                                                            
68 1 8 13                                                                            
69 1 3 10                                                                            
69 1 4 10                                                                            
70 1 3 1                                                                            
70 1 4 1                                                                            
70 2 8 15                                                                            
71 1 9 5                                                                            
71 1 10 5                                                                            
71 1 11 5                                                                            
72 1 3 1                                                                            
72 1 4 1                                                                            
72 2 6 15                                                                            
72 3 9 13                                                                            
72 3 10 13                                                                            
72 3 11 13                                                                            
73 1 1 12                                                                            
73 1 2 12                                                                            
73 2 6 15                                                                            
73 3 9 13                                                                            
73 3 10 13                                                                            
73 3 11 13                                                                            
74 1 3 1                                                                            
74 1 4 1                                                                            
75 1 1 12                                                                            
75 1 2 12                                                                            
75 2 15 1                                                                            
76 1 3 7                                                                            
76 1 4 7                                                                            
77 1 1 12                                                                            
77 1 2 12                                                                            
77 2 8 13                                                                            
78 1 3 75                                                                            
78 1 4 75                                                                            
78 2 8 9                                                                            
78 3 12 18                                                                            
78 3 13 18                                                                            
79 1 3 7                                                                            
79 1 4 7                                                                            
79 2 8 9                                                                            
79 3 12 18                                                                            
79 3 13 18                                                                            
80 1 3 12                                                                            
80 1 4 12                                                                            
