20
8
3 3 2 2 2 2 3 3 3 3 3 3 3 3 3
150 150 150 150 150 150 150 150 150 150 150 150 150 150 150 150 150 150 150 150
1 1 2 4
1 2 7 3
1 2 8 3
1 3 3 24
1 3 4 24
1 3 5 24
2 1 2 4
2 2 7 3
2 2 8 3
2 3 3 24
2 3 4 24
2 3 5 24
3 1 2 3
3 2 6 4
4 1 2 3
4 2 6 4
5 1 2 3
5 2 6 4
6 1 2 3
6 2 6 4
7 1 2 3
7 2 7 3
7 2 8 3
7 3 3 24
7 3 4 24
7 3 5 24
8 1 2 3
8 2 7 3
8 2 8 3
8 3 3 24
8 3 4 24
8 3 5 24
9 1 2 5
9 2 7 6
9 2 8 6
9 3 3 48
9 3 4 48
9 3 5 48
10 1 2 3
10 2 6 5
10 3 3 24
10 3 4 24
10 3 5 24
11 1 2 3
11 2 6 5
11 3 3 24
11 3 4 24
11 3 5 24
12 1 1 4
12 2 2 1
12 3 6 4
13 1 1 4
13 2 2 1
13 3 6 4
14 1 2 1
14 2 6 5
14 3 3 24
14 3 4 24
14 3 5 24
15 1 2 1
15 2 6 5
15 3 3 24
15 3 4 24
15 3 5 24
16 1 2 3
16 2 6 4
17 1 2 1
17 2 6 5
17 3 3 24
17 3 4 24
17 3 5 24
18 1 2 1
18 2 6 5
18 3 3 24
18 3 4 24
18 3 5 24
19 1 2 4
19 2 7 3
19 2 8 3
19 3 3 24
19 3 4 24
19 3 5 24
20 1 2 3
20 2 6 5
20 3 3 24
20 3 4 24
20 3 5 24
